<?xml version="1.0"?>
<!-- parametros cam. #none number, resol: 640x480 -->
<opencv_storage>
<P1 type_id="opencv-matrix">
<rows>3</rows> <cols>3</cols>
<dt>d</dt>
<data>
886.179567067291828 0.000000000000000 318.553691047226721
0.000000000000000 885.733463410953618 222.745450188790585
0.000000000000000 0.000000000000000 1.000000000000000
</data>
</P1>

<P2 type_id="opencv-matrix">
<rows>3</rows> <cols>3</cols>
<dt>d</dt>
<data>
863.723639247620440 0.000000000000000 324.525065195263437
0.000000000000000 863.143777442792725 198.241050474855655
0.000000000000000 0.000000000000000 1.000000000000000
</data>
</P2>

<dist1 type_id="opencv-matrix">
<rows>4</rows> <cols>1</cols>
<dt>d</dt>
<data>
-0.096626948611521
 0.072886760258780
 0.002119388107455
 0.003855719832651
</data>
</dist1>

<dist2 type_id="opencv-matrix">
<rows>4</rows> <cols>1</cols>
<dt>d</dt>
<data>
-0.127129530642451
 0.234903021616571
-0.001594184997822
-0.001008790458472
</data>
</dist2>

<R type_id="opencv-matrix">
<rows>3</rows> <cols>3</cols>
<dt>d</dt>
<data>
 0.999851266127098   0.005668220912030   0.016288551062994
-0.005781301447007   0.999959457259335   0.006903650570183
-0.016248759263961  -0.006996792787326   0.999843499110272
</data>
</R>

<T type_id="opencv-matrix">
<rows>3</rows> <cols>1</cols>
<dt>d</dt>
<data> 
-61.743627427768615
-0.107842949569232
-2.798260541244190
</data>
</T>

</opencv_storage>

