<?xml version="1.0"?>
<opencv_storage>
<P1 type_id="opencv-matrix">
  <rows>3</rows>
  <cols>3</cols>
  <dt>d</dt>
  <data>
    8.8617956706729183e+02 0. 3.1855369104722672e+02 0.
    8.8573346341095362e+02 2.2274545018879058e+02 0. 0. 1.</data></P1>
<P2 type_id="opencv-matrix">
  <rows>3</rows>
  <cols>3</cols>
  <dt>d</dt>
  <data>
    8.6372363924762044e+02 0. 3.2452506519526344e+02 0.
    8.6314377744279273e+02 1.9824105047485565e+02 0. 0. 1.</data></P2>
<dist1 type_id="opencv-matrix">
  <rows>4</rows>
  <cols>1</cols>
  <dt>d</dt>
  <data>
    -9.6626948611521005e-02 7.2886760258780006e-02
    2.1193881074550000e-03 3.8557198326509999e-03</data></dist1>
<dist2 type_id="opencv-matrix">
  <rows>4</rows>
  <cols>1</cols>
  <dt>d</dt>
  <data>
    -1.2712953064245100e-01 2.3490302161657101e-01
    -1.5941849978219999e-03 -1.0087904584720000e-03</data></dist2>
<R type_id="opencv-matrix">
  <rows>3</rows>
  <cols>3</cols>
  <dt>d</dt>
  <data>
    9.9985126612709796e-01 5.6682209120300000e-03 1.6288551062994001e-02
    -5.7813014470070000e-03 9.9995945725933499e-01
    6.9036505701829997e-03 -1.6248759263961000e-02
    -6.9967927873260003e-03 9.9984349911027204e-01</data></R>
<T type_id="opencv-matrix">
  <rows>3</rows>
  <cols>1</cols>
  <dt>d</dt>
  <data>
    -6.1743627427768615e+01 -1.0784294956923200e-01
    -2.7982605412441899e+00</data></T>
<ALPHA_DISPARITY>-5</ALPHA_DISPARITY>
</opencv_storage>
